0.2568192780017853 
0.47340327501296997 
0.5386822819709778 
0.5446041822433472 
0.29215097427368164 
0.28402528166770935 
0.2839217185974121 
0.329809308052063 
0.2720496654510498 
0.2497134506702423 
0.24648679792881012 
0.23485200107097626 
0.236363485455513 
0.1893201619386673 
0.17205595970153809 
0.20284275710582733 
0.17355507612228394 
0.24274525046348572 
0.19803136587142944 
0.20379748940467834 
0.19263258576393127 
0.20609788596630096 
0.20738719403743744 
0.19300170242786407 
0.18325288593769073 
0.1950758397579193 
0.1627107709646225 
0.16272170841693878 
0.15584105253219604 
0.17629125714302063 
0.18622922897338867 
0.17381174862384796 
0.18335191905498505 
0.23743057250976562 
0.19304627180099487 
0.1869036853313446 
0.23872920870780945 
0.23378106951713562 
0.20310400426387787 
0.19480746984481812 
0.18954572081565857 
0.20959097146987915 
0.1755060851573944 
0.1802065521478653 
0.16733647882938385 
0.18755634129047394 
0.17951424419879913 
0.18514814972877502 
0.18042945861816406 
0.16519418358802795 
0.22231414914131165 
0.1892547905445099 
0.2406640499830246 
0.2009260654449463 
0.18267571926116943 
0.19780504703521729 
0.19205372035503387 
0.18436047434806824 
0.18214575946331024 
0.1878470480442047 
0.16319480538368225 
0.2692999243736267 
0.2050521969795227 
0.19819125533103943 
0.2078748345375061 
0.18213625252246857 
0.17683716118335724 
0.1590038537979126 
0.21838879585266113 
0.17295342683792114 
0.16808320581912994 
0.1666143387556076 
0.20593774318695068 
0.18105554580688477 
0.21370995044708252 
0.17858478426933289 
0.2038767784833908 
0.19766835868358612 
0.21136274933815002 
0.20085325837135315 
0.16012033820152283 
0.20448750257492065 
0.20333564281463623 
0.1798841953277588 
0.1948484480381012 
0.2074076235294342 
0.17066268622875214 
0.15207065641880035 
0.2106567770242691 
0.22722375392913818 
0.21564778685569763 
0.1776241660118103 
0.21804554760456085 
0.1782837063074112 
0.1992250233888626 
0.18240664899349213 
0.19640806317329407 
0.20553714036941528 
0.20647476613521576 
0.19357362389564514 
0.1859535127878189 
0.18606874346733093 
0.22035469114780426 
0.16579358279705048 
0.1626654863357544 
0.1847091019153595 
0.16816449165344238 
0.19478002190589905 
0.18302206695079803 
0.19284206628799438 
0.2327362596988678 
0.17628784477710724 
0.15768210589885712 
0.18741586804389954 
0.15757766366004944 
0.1924697607755661 
0.14688782393932343 
0.15945638716220856 
0.18142488598823547 
0.16038250923156738 
0.17230460047721863 
0.1636463701725006 
0.17116312682628632 
0.16976742446422577 
0.18457715213298798 
0.15155932307243347 
0.16105875372886658 
0.15172001719474792 
0.14024001359939575 
0.15465335547924042 
0.16380149126052856 
0.18652483820915222 
0.14544476568698883 
0.1614585667848587 
0.129087895154953 
0.1393350064754486 
0.13062448799610138 
0.13750231266021729 
0.14693070948123932 
0.13055720925331116 
0.12979157269001007 
0.15929023921489716 
0.12048208713531494 
0.15530915558338165 
0.15173879265785217 
0.14949938654899597 
0.16630259156227112 
0.14168128371238708 
0.1479691118001938 
0.1624511480331421 
0.14676426351070404 
0.15599380433559418 
0.13494212925434113 
0.16881676018238068 
0.14851386845111847 
0.1780567765235901 
0.1427900642156601 
0.16162030398845673 
0.1328534185886383 
0.13025841116905212 
0.14588484168052673 
0.14074265956878662 
0.13858133554458618 
0.14040495455265045 
0.17028895020484924 
0.16059216856956482 
0.17357715964317322 
0.15344339609146118 
0.14529670774936676 
0.13564486801624298 
0.11873941123485565 
0.12440792471170425 
0.1356714814901352 
0.10947316139936447 
0.13600847125053406 
0.10218995064496994 
0.10415782034397125 
0.1330432891845703 
0.11963438987731934 
0.11223217844963074 
0.11515654623508453 
0.09765156358480453 
0.12195783853530884 
0.11408286541700363 
0.12215224653482437 
0.10461781173944473 
0.12083089351654053 
0.11696267127990723 
0.11019209027290344 
0.11506004631519318 
0.10992470383644104 
0.09747640788555145 
0.10484840720891953 
0.101190485060215 
0.09040750563144684 
0.10443724691867828 
0.10182318091392517 
0.1018371731042862 
0.10383479297161102 
0.10176758468151093 
0.10704848915338516 
0.0927545428276062 
0.09467026591300964 
0.10197755694389343 
0.08474908024072647 
0.09194779396057129 
0.06403527408838272 
0.08904078602790833 
0.08442631363868713 
0.13435772061347961 
0.09605596214532852 
0.13528141379356384 
0.11047711223363876 
0.082299143075943 
0.11306509375572205 
0.07292044162750244 
0.07998194545507431 
0.11844073981046677 
0.12617997825145721 
0.10878593474626541 
0.11517339199781418 
0.1138453260064125 
0.08580400049686432 
0.08981041610240936 
0.07812217622995377 
0.08430320024490356 
0.08656353503465652 
0.0661192536354065 
0.08981289714574814 
0.08245505392551422 
0.08466696739196777 
0.07900893688201904 
0.08144056797027588 
0.09260226786136627 
0.09057965129613876 
0.08528095483779907 
0.09274455904960632 
0.09022729843854904 
0.08259312808513641 
0.0985705703496933 
0.07702196389436722 
0.09749110788106918 
0.07784213870763779 
0.07723861187696457 
0.10154630243778229 
0.07116811722517014 
0.08871852606534958 
0.07240919768810272 
0.06704263389110565 
0.06495733559131622 
0.0646495595574379 
0.04953191801905632 
0.061872560530900955 
0.06896273046731949 
0.07470138370990753 
0.05488869547843933 
0.07295361161231995 
0.052182506769895554 
0.06796982139348984 
0.050409749150276184 
0.0507088378071785 
0.07150010019540787 
0.0684366226196289 
0.06346320360898972 
0.06396287679672241 
0.06773382425308228 
0.07140272110700607 
0.06672511249780655 
0.058293431997299194 
0.0854857861995697 
0.05146979168057442 
0.051284514367580414 
0.055571746081113815 
0.04367084428668022 
0.049444496631622314 
0.062311213463544846 
0.05166774243116379 
0.050646498799324036 
0.05274833366274834 
0.05588391423225403 
0.06169271096587181 
0.04359310492873192 
0.07473258674144745 
0.04614412039518356 
0.07993078976869583 
0.05573522299528122 
0.06433726847171783 
0.07451406866312027 
0.06370634585618973 
0.04540272057056427 
0.059318795800209045 
0.05975709855556488 
0.07138986885547638 
0.06215678155422211 
0.042757000774145126 
0.04701586812734604 
0.05233362317085266 
0.046578794717788696 
0.05928931385278702 
0.05220324173569679 
0.08206377178430557 
0.05425997078418732 
0.08302375674247742 
0.0598297193646431 
0.07307710498571396 
0.04540606588125229 
0.05541505664587021 
0.0552787184715271 
0.0654422715306282 
0.06915795803070068 
0.0669727623462677 
0.041644491255283356 
0.07534299790859222 
0.06656792759895325 
0.05120521038770676 
0.050035957247018814 
0.04966676980257034 
0.04956262558698654 
0.04495445638895035 
0.04969576746225357 
0.04577743262052536 
0.03695264086127281 
0.044887788593769073 
0.05458299070596695 
0.034144625067710876 
0.04089789465069771 
0.05415364354848862 
0.06986967474222183 
0.043845124542713165 
0.04838724061846733 
0.06993049383163452 
0.042824774980545044 
0.05600423365831375 
0.05028591305017471 
0.06706534326076508 
0.0456971675157547 
0.06369294226169586 
0.045504700392484665 
0.048166386783123016 
0.07402625679969788 
0.07164448499679565 
0.06692271679639816 
0.07145009189844131 
0.0498867891728878 
0.05147716403007507 
0.057413794100284576 
0.04557572305202484 
0.03120942786335945 
0.059012819081544876 
0.058981362730264664 
0.03150079399347305 
0.04674980789422989 
0.041592374444007874 
0.05688367038965225 
0.07618868350982666 
0.04493086040019989 
0.07675538957118988 
0.07364389300346375 
0.06352996081113815 
0.045942097902297974 
0.05556068196892738 
0.06203316152095795 
0.05996493995189667 
0.0602579303085804 
0.05090673267841339 
0.052588820457458496 
0.06436310708522797 
0.042450979351997375 
0.042241934686899185 
0.03750402852892876 
0.03964792937040329 
0.0497315376996994 
0.03708406165242195 
0.04184230417013168 
0.04511304572224617 
0.05325835570693016 
0.0322902612388134 
0.03932303190231323 
0.048121847212314606 
0.04304841160774231 
0.037430912256240845 
0.05015235394239426 
0.05507989227771759 
0.03613043949007988 
0.031710825860500336 
0.039609216153621674 
0.038325414061546326 
0.04179313778877258 
0.03369050845503807 
0.04570294916629791 
0.05667537450790405 
0.053909432142972946 
0.04655250534415245 
0.0477403849363327 
0.05497086048126221 
0.03639626130461693 
0.04640220105648041 
0.052743393927812576 
0.0438750684261322 
0.05529475212097168 
0.04515458270907402 
0.03365480154752731 
0.034654777497053146 
0.06529881060123444 
0.041102681308984756 
0.06838129460811615 
0.05379574000835419 
0.04850190877914429 
0.039134226739406586 
0.05288556590676308 
0.036728810518980026 
0.047485001385211945 
0.038808420300483704 
0.03566502407193184 
0.029043305665254593 
0.038017623126506805 
0.03515081852674484 
0.028542328625917435 
0.04738079756498337 
0.023985829204320908 
0.04368675872683525 
0.04399777948856354 
0.05599343404173851 
0.05975841358304024 
0.047561563551425934 
0.04024536535143852 
0.03478546068072319 
0.04513642191886902 
0.05208393931388855 
0.03579868748784065 
0.05679278075695038 
0.02495134249329567 
0.038729630410671234 
0.035594649612903595 
0.03200539946556091 
0.025430738925933838 
0.05806969851255417 
0.034809961915016174 
0.06327851116657257 
0.0466252863407135 
0.04511300474405289 
0.04396508261561394 
0.05777425318956375 
0.02689148113131523 
0.07509094476699829 
0.038501840084791183 
0.03798002749681473 
0.03239942342042923 
0.03463239595293999 
0.04074595123529434 
0.024772508069872856 
0.03814881294965744 
0.037354957312345505 
0.024008288979530334 
0.06239921599626541 
0.029676908627152443 
0.034376516938209534 
0.028453346341848373 
0.02402663417160511 
0.04015340283513069 
0.020222656428813934 
0.04104936867952347 
0.053185902535915375 
0.05183509737253189 
0.029471812769770622 
0.04910366237163544 
0.03964342921972275 
0.04457365721464157 
0.027423739433288574 
0.03860600292682648 
0.04122472554445267 
0.06424956023693085 
0.0451182946562767 
0.02989298477768898 
0.022907348349690437 
0.051806289702653885 
0.06516146659851074 
0.044420212507247925 
0.062304191291332245 
0.060447342693805695 
0.0622163861989975 
0.0430988147854805 
0.065718874335289 
0.0412386879324913 
0.055482231080532074 
0.0328744612634182 
0.05408338084816933 
0.04977438226342201 
0.04735451936721802 
0.06465736031532288 
0.04705037921667099 
0.08999607712030411 
0.07000355422496796 
0.041319653391838074 
0.059952955693006516 
0.045670125633478165 
0.06307917088270187 
0.04143259674310684 
0.08630360662937164 
0.04088585078716278 
0.07659297436475754 
0.03403565287590027 
0.06886348128318787 
0.03656771034002304 
0.05493471771478653 
0.049920301884412766 
0.04455259442329407 
0.05542498454451561 
0.03352652117609978 
0.04559894651174545 
0.030446333810687065 
0.0592505969107151 
0.045686379075050354 
0.05833951011300087 
0.03858137130737305 
0.04445917159318924 
0.08123225718736649 
0.05476607382297516 
0.05435631796717644 
0.05389470234513283 
0.04952728748321533 
0.040698666125535965 
0.045550066977739334 
0.040062256157398224 
0.04714009165763855 
0.0408540777862072 
0.048311907798051834 
0.028869708999991417 
0.043489933013916016 
0.03383179008960724 
0.0362742617726326 
0.05024176090955734 
0.03718066215515137 
0.06353947520256042 
0.052032437175512314 
0.05331530421972275 
0.037052884697914124 
0.03102588653564453 
0.040845438838005066 
0.037858303636312485 
0.03709862753748894 
0.0343303382396698 
0.057336125522851944 
0.029421120882034302 
0.024174608290195465 
0.034721896052360535 
0.04403175413608551 
0.02446223609149456 
0.030654989182949066 
0.03483700007200241 
0.04465445131063461 
0.035926878452301025 
0.05311582237482071 
0.047678977251052856 
0.056221481412649155 
0.04948875308036804 
0.058133408427238464 
0.03657291829586029 
0.044048938900232315 
0.03787629306316376 
0.05745920166373253 
0.03584885969758034 
0.043857719749212265 
0.046421319246292114 
0.03459120914340019 
0.06372585892677307 
0.06223030760884285 
0.050337836146354675 
0.03796519339084625 
0.03891720995306969 
0.03287174180150032 
0.047481805086135864 
0.050944287329912186 
0.02797953598201275 
0.03638247027993202 
0.06719420850276947 
0.05406966060400009 
0.047900326550006866 
0.03800979629158974 
0.049009375274181366 
0.039328090846538544 
0.043597593903541565 
0.04171760007739067 
0.029717931523919106 
0.0455302968621254 
0.031708888709545135 
0.026425514370203018 
0.024948328733444214 
0.03175925835967064 
0.040915485471487045 
0.042511843144893646 
0.04231084883213043 
0.03059062361717224 
0.052456084638834 
0.04116853326559067 
0.042851679027080536 
0.04070853441953659 
0.035523105412721634 
0.04806933552026749 
0.02859560400247574 
0.037387117743492126 
0.06202247738838196 
0.026651328429579735 
0.03437477722764015 
0.0312843881547451 
0.030415307730436325 
0.039485666900873184 
0.06507612764835358 
0.05054657161235809 
0.04221879690885544 
0.03463039547204971 
0.015769051387906075 
0.0415998175740242 
0.04705828055739403 
0.04084939509630203 
0.039402540773153305 
0.038567475974559784 
0.028525788336992264 
0.03458549827337265 
0.02571370266377926 
0.026681924238801003 
0.03652660921216011 
0.028077930212020874 
0.028048599138855934 
0.02613460086286068 
0.03893086686730385 
0.04382400959730148 
0.031108399853110313 
0.030358178541064262 
0.04956327751278877 
0.040892086923122406 
0.04033699631690979 
0.030578307807445526 
0.04439288377761841 
0.036630287766456604 
0.035214878618717194 
0.03733835369348526 
0.04897313937544823 
0.0334857776761055 
0.05446269363164902 
0.04707787558436394 
0.0662950724363327 
0.031415197998285294 
0.04585978016257286 
0.04752021282911301 
0.04130105674266815 
0.04893343150615692 
0.05963471531867981 
0.058294158428907394 
0.055432017892599106 
0.02559003233909607 
0.043511345982551575 
0.04066377133131027 
0.03398361802101135 
0.03909754753112793 
0.03017706610262394 
0.04808503016829491 
0.05929584428668022 
0.040727630257606506 
0.03661627694964409 
0.04717189818620682 
0.04217376187443733 
0.035903528332710266 
0.05983814597129822 
0.057884275913238525 
0.037461306899785995 
0.029482554644346237 
0.03497938811779022 
0.04679848253726959 
0.0413961187005043 
0.061959851533174515 
0.05623982846736908 
0.034767862409353256 
0.045774370431900024 
0.04800979793071747 
0.040697239339351654 
0.06439632177352905 
0.03230006992816925 
0.05792821943759918 
0.03129435330629349 
0.039591625332832336 
0.02338891476392746 
0.04933452606201172 
0.04236274212598801 
0.040358975529670715 
0.044663842767477036 
0.03551390767097473 
0.045944925397634506 
0.03926830738782883 
0.052539240568876266 
0.031851377338171005 
0.051405347883701324 
0.05983458459377289 
0.06188790872693062 
0.05428136885166168 
0.04049764201045036 
0.05060910806059837 
0.03636251762509346 
0.03748591989278793 
0.03042612224817276 
0.03282194584608078 
0.06735945492982864 
0.05072180554270744 
0.043813444674015045 
0.03267182409763336 
0.050559353083372116 
0.039974525570869446 
0.04955580085515976 
0.03698694705963135 
0.04562998563051224 
0.042387839406728745 
0.04457918927073479 
0.05680607259273529 
0.04739053174853325 
0.045020487159490585 
0.05862671881914139 
0.0428554005920887 
0.09995005279779434 
0.0684252381324768 
0.033030737191438675 
0.06641734391450882 
0.04940210282802582 
0.05816154181957245 
0.025965731590986252 
0.03897375613451004 
0.04986654222011566 
0.048638515174388885 
0.03705129772424698 
0.051122426986694336 
0.04350603371858597 
0.0443732813000679 
0.019770415499806404 
0.03024386055767536 
0.029256101697683334 
0.04664570838212967 
0.026059936732053757 
0.030020982027053833 
0.031142856925725937 
0.02573724277317524 
0.030574321746826172 
0.028827009722590446 
0.03983879089355469 
0.03856007382273674 
0.040675003081560135 
0.03947126865386963 
0.04058900475502014 
0.030042916536331177 
0.03478662669658661 
0.07961922883987427 
0.041190288960933685 
0.031299393624067307 
0.038522981107234955 
0.037370529025793076 
0.0333985798060894 
0.04933011904358864 
0.03783554583787918 
0.05665450915694237 
0.03764449432492256 
0.03566233068704605 
0.03520089015364647 
0.03530191630125046 
0.037321608513593674 
0.03359523043036461 
0.045340247452259064 
0.019592415541410446 
0.022002436220645905 
0.02842983976006508 
0.0437837690114975 
0.05100669711828232 
0.03988398611545563 
0.05982334166765213 
0.04752858728170395 
0.033708784729242325 
0.044454123824834824 
0.04274038225412369 
0.03168870508670807 
0.02470674365758896 
0.023310000076889992 
0.038124993443489075 
0.05554703623056412 
0.047837696969509125 
0.02744639292359352 
0.04029347002506256 
0.03563115745782852 
0.04745890945196152 
0.031166989356279373 
0.03987763822078705 
0.04311779886484146 
0.03422011807560921 
0.0395345501601696 
0.05197661370038986 
0.028986304998397827 
0.04028686136007309 
0.0517301931977272 
0.03089628368616104 
0.041276440024375916 
0.06716113537549973 
0.05946013703942299 
0.03353358432650566 
0.05552835017442703 
0.04070987179875374 
0.055757783353328705 
0.05096995085477829 
0.029316671192646027 
0.03537888452410698 
0.0491245836019516 
0.03711014613509178 
0.023774394765496254 
0.039031628519296646 
0.05237377807497978 
0.022162146866321564 
0.029201848432421684 
0.04516672343015671 
0.0488126277923584 
0.04805440455675125 
0.037556909024715424 
0.04020094871520996 
0.06391368806362152 
0.029271095991134644 
0.026874378323554993 
0.026865115389227867 
0.03726647421717644 
0.052620768547058105 
0.0452667698264122 
0.01892535760998726 
0.038864102214574814 
0.05126088857650757 
0.03825918957591057 
0.040947623550891876 
0.06056615710258484 
0.033528413623571396 
0.044031932950019836 
0.06156492605805397 
0.04137840121984482 
0.05629684403538704 
0.02980271354317665 
0.05398224666714668 
0.043456777930259705 
0.05834491178393364 
0.03879738226532936 
0.070595383644104 
0.03910122066736221 
0.05109255388379097 
0.05303230136632919 
0.04250176250934601 
0.057767100632190704 
0.05296190828084946 
0.04752517491579056 
0.045460063964128494 
0.05686411261558533 
0.04484877362847328 
0.04378141090273857 
0.04510632902383804 
0.0327746719121933 
0.03575041517615318 
0.04429443180561066 
0.023748358711600304 
0.04763438552618027 
0.03327086940407753 
0.037435077130794525 
0.044015783816576004 
0.051377732306718826 
0.02484992891550064 
0.0577068068087101 
0.06107654795050621 
0.05093967914581299 
0.06606680899858475 
0.05127818137407303 
0.05863778293132782 
0.0698157399892807 
0.0452505499124527 
0.05760087072849274 
0.06091653183102608 
0.05041299760341644 
0.044521428644657135 
0.04469524323940277 
0.02664848417043686 
0.042631715536117554 
0.04510195553302765 
0.028389479964971542 
0.08816200494766235 
0.03941729664802551 
0.046936992555856705 
0.032460767775774 
0.028209403157234192 
0.06233050674200058 
0.03169586509466171 
0.03945125639438629 
0.04436230659484863 
0.03740253672003746 
0.04292922466993332 
0.054235294461250305 
0.03261082246899605 
0.03293825313448906 
0.04076440632343292 
0.02267276868224144 
0.06614694744348526 
0.0288646649569273 
0.05337785556912422 
0.035404324531555176 
0.034568555653095245 
0.03745298832654953 
0.04460470750927925 
0.0541248694062233 
0.026136640459299088 
0.026736345142126083 
0.03809346258640289 
0.03778698295354843 
0.02319033071398735 
0.04406774789094925 
0.03250296786427498 
0.03836605325341225 
0.027162039652466774 
0.028993874788284302 
0.03025999665260315 
0.03651909902691841 
0.041421644389629364 
0.03919248282909393 
0.02327698841691017 
0.03301101177930832 
0.03438244014978409 
0.030443154275417328 
0.02735927700996399 
0.03145213425159454 
0.03453543037176132 
0.03853964805603027 
0.06483598798513412 
0.02839253470301628 
0.04169105365872383 
0.02324369177222252 
0.04253598302602768 
0.027896054089069366 
0.034511033445596695 
0.02779453620314598 
0.03341011703014374 
0.02861989289522171 
0.031089086085557938 
0.022348996251821518 
0.02465340495109558 
0.03134329617023468 
0.049367696046829224 
0.04865969717502594 
0.039002712815999985 
0.026715930551290512 
0.04931080713868141 
0.02587030455470085 
0.020631926134228706 
0.0358378142118454 
0.029740871861577034 
0.04036271199584007 
0.025048119947314262 
0.020822489634156227 
0.026904387399554253 
0.013731101527810097 
0.027277043089270592 
0.021100405603647232 
0.04490385204553604 
0.028105206787586212 
0.013656295835971832 
0.025455575436353683 
0.022807028144598007 
0.02714812383055687 
0.03613651171326637 
0.026534125208854675 
0.045663874596357346 
0.04255678877234459 
0.03755619749426842 
0.010719260200858116 
0.018261462450027466 
0.031117551028728485 
0.029986366629600525 
0.045021843165159225 
0.031961292028427124 
0.03164923936128616 
0.023079263046383858 
0.040378570556640625 
0.029919791966676712 
0.01943216472864151 
0.035181280225515366 
0.04582962393760681 
0.028530782088637352 
0.03811021149158478 
0.035111140459775925 
0.025576073676347733 
0.045087724924087524 
0.04239470139145851 
0.05450555682182312 
0.03862433880567551 
0.019541293382644653 
0.050461623817682266 
0.03253723680973053 
0.04495169222354889 
0.02467636950314045 
0.06021888926625252 
0.032913874834775925 
0.04495054483413696 
0.03984425961971283 
0.023329289630055428 
0.019679658114910126 
0.022730275988578796 
0.01616790145635605 
0.0249367356300354 
0.028048181906342506 
0.03627149015665054 
0.04251231998205185 
0.029966432601213455 
0.035408005118370056 
0.04219796508550644 
0.044234875589609146 
0.037303827702999115 
0.04671765863895416 
0.0460483655333519 
0.03441018983721733 
0.03503282740712166 
0.028700392693281174 
0.032942526042461395 
0.022005921229720116 
0.030654890462756157 
0.03613322228193283 
0.027692582458257675 
0.04954910650849342 
0.02978108823299408 
0.03853672370314598 
0.04075019061565399 
0.03737112879753113 
0.019257690757513046 
0.0352097824215889 
0.0335693359375 
0.03626534715294838 
0.02507442608475685 
0.04249535873532295 
0.038335442543029785 
0.02740415930747986 
0.024915345013141632 
0.04901576042175293 
0.0213103536516428 
0.02681250125169754 
0.04759696498513222 
0.037394002079963684 
0.03627757728099823 
0.04404701292514801 
0.04285070300102234 
0.044558197259902954 
0.036272089928388596 
0.030010752379894257 
0.05258386954665184 
0.044705115258693695 
0.05707882344722748 
0.05083007365465164 
0.028393853455781937 
0.044080790132284164 
0.030477309599518776 
0.031556181609630585 
0.03312157467007637 
0.03229525685310364 
0.030186541378498077 
0.0281247328966856 
0.02684205397963524 
0.0364585816860199 
0.03416699171066284 
0.03566508740186691 
0.02217356115579605 
0.034782666712999344 
0.023423168808221817 
0.01811269298195839 
0.014089429751038551 
0.03646733984351158 
0.02112412266433239 
0.024033140391111374 
0.02487277239561081 
0.020724769681692123 
0.017985183745622635 
0.03298129141330719 
0.04316411912441254 
0.03359391167759895 
0.02212107926607132 
0.026631789281964302 
0.024770492687821388 
0.035437505692243576 
0.02302200347185135 
0.021787915378808975 
0.029866615310311317 
0.025079336017370224 
0.03308548033237457 
0.03680316358804703 
0.03158815577626228 
0.03434647619724274 
0.02227797918021679 
0.03762089088559151 
0.023016341030597687 
0.03248653933405876 
0.027810944244265556 
0.031327053904533386 
0.018905911594629288 
0.01662948727607727 
0.036319028586149216 
0.04229022562503815 
0.03575191646814346 
0.04385778307914734 
0.04658835008740425 
0.026867780834436417 
0.016180090606212616 
0.03631633520126343 
0.020975634455680847 
0.01719086989760399 
0.021476751193404198 
0.050525497645139694 
0.02100779116153717 
0.02590997889637947 
0.032427720725536346 
0.016040395945310593 
0.03289658576250076 
0.02466067112982273 
0.031253963708877563 
0.05403495579957962 
0.029629763215780258 
0.040670838207006454 
0.025309748947620392 
0.03349423408508301 
0.026206528767943382 
0.03688262403011322 
0.02493327297270298 
0.016722531989216805 
0.03662317618727684 
0.05077996477484703 
0.061859309673309326 
0.03138747066259384 
0.02857273817062378 
0.054673515260219574 
0.02663501165807247 
0.04739058017730713 
0.032168954610824585 
0.024432849138975143 
0.030373182147741318 
0.05070127174258232 
0.04380826652050018 
0.07715894281864166 
0.05273853987455368 
0.03349757939577103 
0.03441348671913147 
0.02596253715455532 
0.01638137549161911 
0.04489113390445709 
0.04537409543991089 
0.04221947118639946 
0.044709816575050354 
0.05282960087060928 
0.04074416309595108 
0.022179001942276955 
0.03687496483325958 
0.04185552895069122 
0.03570374846458435 
0.03712666034698486 
0.03217203915119171 
0.049286484718322754 
0.038713883608579636 
0.05069190636277199 
0.03349223732948303 
0.05527013540267944 
0.030600883066654205 
0.029183685779571533 
0.06066184490919113 
0.07066694647073746 
0.041902102530002594 
0.025750041007995605 
0.08701468259096146 
0.05604543164372444 
0.054175812751054764 
0.04540809988975525 
0.03794238343834877 
0.03959951177239418 
0.03938848152756691 
0.043284446001052856 
0.04523884132504463 
0.03795386850833893 
0.045516107231378555 
0.032042957842350006 
0.026348354294896126 
0.04314006119966507 
0.041746675968170166 
0.03266552835702896 
0.040145523846149445 
0.03462151437997818 
0.029754363000392914 
0.035996101796627045 
0.0318346731364727 
0.05453695356845856 
0.023478230461478233 
0.03441818058490753 
0.03482057526707649 
0.03370466083288193 
0.019509954378008842 
0.035661350935697556 
0.03400125354528427 
0.030930345878005028 
0.03846083581447601 
0.02243833988904953 
0.043982669711112976 
0.05466039851307869 
0.036663807928562164 
0.07042849063873291 
0.04719080775976181 
0.055429279804229736 
0.033377815037965775 
0.037727758288383484 
0.060452647507190704 
0.02775733545422554 
0.0391332283616066 
0.04265628010034561 
0.058897726237773895 
0.022883430123329163 
0.02690892666578293 
0.026908162981271744 
0.042941246181726456 
0.027800098061561584 
0.03493412211537361 
0.032058872282505035 
0.03003546968102455 
0.03426095470786095 
0.03081243857741356 
0.017124811187386513 
0.023866351693868637 
0.021575652062892914 
0.024493351578712463 
0.021354880183935165 
0.01296011358499527 
0.026851056143641472 
0.021532412618398666 
0.029164010658860207 
0.0189796295017004 
0.032538000494241714 
0.03963332995772362 
0.024099769070744514 
0.051410574465990067 
0.03499666601419449 
0.04851476103067398 
0.03521348908543587 
0.037457361817359924 
0.029605895280838013 
0.05003910884261131 
0.035151977092027664 
0.052316442131996155 
0.03143427520990372 
0.020211583003401756 
0.02405441366136074 
0.03446877747774124 
0.03947056084871292 
0.03507354483008385 
0.021341459825634956 
0.030347399413585663 
0.02758411318063736 
0.02831827476620674 
0.03324123099446297 
0.024235541000962257 
0.030009211972355843 
0.04381662234663963 
0.02368406020104885 
0.03241205960512161 
0.04334282875061035 
0.03274999186396599 
0.041667431592941284 
0.03002529963850975 
0.044576242566108704 
0.029800891876220703 
0.03875723108649254 
0.043412938714027405 
0.028552452102303505 
0.029233496636152267 
0.036712296307086945 
0.029394332319498062 
0.049435652792453766 
0.05378786101937294 
0.05069318041205406 
0.050933003425598145 
0.05131617188453674 
0.0344792976975441 
0.03907584398984909 
0.03486128896474838 
0.03321031481027603 
0.046052899211645126 
0.023968834429979324 
0.03645941615104675 
0.04246824234724045 
0.02340744435787201 
0.018098020926117897 
0.03458091616630554 
0.019021816551685333 
0.038238774985075 
0.019971923902630806 
0.009171949699521065 
0.030708642676472664 
0.021134188398718834 
0.02571970969438553 
0.03722764551639557 
0.03823778033256531 
0.03589121997356415 
0.04349254071712494 
0.04843491315841675 
0.03518923744559288 
0.023983627557754517 
0.021949144080281258 
0.02166345715522766 
0.023427298292517662 
0.023753400892019272 
0.027511175721883774 
0.025562722235918045 
0.016791922971606255 
0.024161294102668762 
0.02984819933772087 
0.033465202897787094 
0.030681632459163666 
0.04344116896390915 
0.04306468367576599 
0.050327323377132416 
0.029737744480371475 
0.04496987536549568 
0.022078122943639755 
0.031801242381334305 
0.01834755577147007 
0.011077452450990677 
0.01453788299113512 
0.02961582876741886 
0.018295329064130783 
0.02773982845246792 
0.023062895983457565 
0.05249936133623123 
0.0241592675447464 
0.034904174506664276 
0.032910920679569244 
0.04230709746479988 
0.02451891265809536 
0.02477121911942959 
0.045904740691185 
0.03100169263780117 
0.032597996294498444 
0.030685123056173325 
0.019297588616609573 
0.03068532422184944 
0.025234350934624672 
0.025000277906656265 
0.024654390290379524 
0.026093944907188416 
0.03359559550881386 
0.022903887555003166 
0.025133658200502396 
0.0607929602265358 
0.024215850979089737 
0.03510299697518349 
0.05362967774271965 
0.022005070000886917 
0.02785535156726837 
0.03699657693505287 
0.023389160633087158 
0.04831227287650108 
0.032479237765073776 
0.05238839611411095 
0.02287190780043602 
0.023282188922166824 
0.03903598710894585 
0.028127120807766914 
0.011709160171449184 
0.05815538391470909 
0.044337980449199677 
0.019242318347096443 
0.03372625634074211 
0.02495254948735237 
0.02724389359354973 
0.012455666437745094 
0.023180507123470306 
0.02000933140516281 
0.03515428677201271 
0.021541303023695946 
0.02195623517036438 
0.016142453998327255 
0.019696306437253952 
0.01401561126112938 
0.032378699630498886 
0.01993774063885212 
0.029226208105683327 
0.02433072216808796 
0.02044861949980259 
0.025461172685027122 
0.0395122654736042 
0.037281736731529236 
0.03517771139740944 
0.03685948625206947 
0.028002407401800156 
0.037464357912540436 
0.031480614095926285 
0.029845329001545906 
0.03608831763267517 
0.02774331346154213 
0.04819123074412346 
0.034197673201560974 
0.028775114566087723 
0.047875963151454926 
0.025882773101329803 
0.01966681517660618 
0.02397308498620987 
0.02477380633354187 
0.02750888466835022 
0.03391260653734207 
0.027388613671064377 
0.04513470083475113 
0.024475526064634323 
0.022156156599521637 
0.02324892207980156 
0.017682509496808052 
0.018833935260772705 
0.05429761856794357 
0.019946981221437454 
0.027565810829401016 
0.017958685755729675 
0.048559002578258514 
0.021356623619794846 
0.03469196334481239 
0.02757757529616356 
0.016305815428495407 
0.03273414820432663 
0.0296345017850399 
0.023435749113559723 
0.03682924807071686 
0.041917264461517334 
0.03242833539843559 
0.049734409898519516 
0.03628138080239296 
0.031043766066432 
0.03949768468737602 
0.025700202211737633 
0.031151536852121353 
0.02203354611992836 
0.027699103578925133 
0.01510201208293438 
0.024273846298456192 
0.043673668056726456 
0.023177964612841606 
0.027270806953310966 
0.0359615758061409 
0.014794595539569855 
0.02272954396903515 
0.04538528621196747 
0.024770144373178482 
0.017711520195007324 
0.01758515276014805 
0.01828921213746071 
0.039122652262449265 
0.028458155691623688 
0.020311178639531136 
0.040253836661577225 
0.017699109390378 
0.02472514659166336 
0.02582664042711258 
0.021843429654836655 
0.02558773010969162 
0.026441553607583046 
0.03264937549829483 
0.021835805848240852 
0.024561522528529167 
0.028387097641825676 
0.03469430282711983 
0.02421548031270504 
0.04180791974067688 
0.04223451763391495 
0.03345473110675812 
0.03641122579574585 
0.035227153450250626 
0.05489106476306915 
0.03211319074034691 
0.0415484756231308 
0.03809628635644913 
0.018262965604662895 
0.022925928235054016 
0.03719755634665489 
0.02571866102516651 
0.05031846463680267 
0.044589027762413025 
0.04140289127826691 
0.021608762443065643 
0.05447104573249817 
0.062117502093315125 
0.030960198491811752 
0.031652938574552536 
0.0385228767991066 
0.018113192170858383 
0.043921299278736115 
0.030039522796869278 
0.02248297445476055 
0.029372762888669968 
0.0316753163933754 
0.028337089344859123 
0.05091774836182594 
0.05188431590795517 
0.025328999385237694 
0.031160252168774605 
0.029137879610061646 
0.029153382405638695 
0.027791501954197884 
0.023105455562472343 
0.023881470784544945 
0.019040778279304504 
0.03328635171055794 
0.03665060177445412 
0.034366097301244736 
0.025866974145174026 
0.014806568622589111 
0.018199432641267776 
0.02393318898975849 
0.016035519540309906 
0.020575599744915962 
0.025729568675160408 
0.029641982167959213 
0.019170887768268585 
0.030576203018426895 
0.02459697239100933 
0.0157430749386549 
0.020887840539216995 
0.030085226520895958 
0.03504418954253197 
0.03202047199010849 
0.01869160868227482 
0.02536851167678833 
0.015915613621473312 
0.01787971518933773 
0.03935305401682854 
0.019638853147625923 
0.028505580499768257 
0.025482479482889175 
0.030421510338783264 
0.02129961922764778 
0.03005199134349823 
0.023170139640569687 
0.02587677165865898 
0.020434875041246414 
0.022871937602758408 
0.016560466960072517 
0.03394835442304611 
0.030385039746761322 
0.03550403192639351 
0.04091622680425644 
0.032865989953279495 
0.025121480226516724 
0.04506319761276245 
0.028107650578022003 
0.04777771979570389 
0.04825000464916229 
0.053456537425518036 
0.06057191640138626 
0.030710026621818542 
0.046902675181627274 
0.05286484584212303 
0.030359996482729912 
0.036526188254356384 
0.039466552436351776 
0.030941054224967957 
0.021396800875663757 
0.029633112251758575 
0.03149165213108063 
0.026486851274967194 
0.03260791301727295 
0.023964937776327133 
0.025820007547736168 
0.03024829924106598 
0.0239044688642025 
0.023842409253120422 
0.024991482496261597 
0.04851717874407768 
0.024837203323841095 
0.026976410299539566 
0.028841756284236908 
0.013203177601099014 
0.02022617869079113 
0.025703860446810722 
0.028294457122683525 
0.036088280379772186 
0.040150173008441925 
0.0327056460082531 
0.03638230264186859 
0.015011916868388653 
0.03667910397052765 
0.03430086374282837 
0.02402331307530403 
0.03920303285121918 
0.03535511717200279 
0.04692806303501129 
0.02102794498205185 
0.02851698361337185 
0.0210036039352417 
0.017267659306526184 
0.024706650525331497 
0.013391565531492233 
0.026098836213350296 
0.02335091307759285 
0.016346400603652 
0.015237826853990555 
0.03699489310383797 
0.014344559982419014 
0.029114078730344772 
0.02374505065381527 
0.012929929420351982 
0.04531867057085037 
0.014657799154520035 
0.028417976573109627 
0.030351828783750534 
0.022745924070477486 
0.02333693392574787 
0.040572069585323334 
0.028073713183403015 
0.02917339652776718 
0.029992060735821724 
0.03414286673069 
0.0233111884444952 
0.03230644762516022 
0.024132806807756424 
0.02628522366285324 
0.025561951100826263 
0.036802928894758224 
0.023929888382554054 
0.03678564727306366 
0.0374751091003418 
0.04304227605462074 
0.017039526253938675 
0.024919304996728897 
0.015791328623890877 
0.02997063472867012 
0.01577143743634224 
0.015266706235706806 
0.03628341108560562 
0.024728789925575256 
0.035356052219867706 
0.037456728518009186 
0.05655796080827713 
0.03388829529285431 
0.03140027076005936 
0.027501001954078674 
0.02206667885184288 
0.05181579664349556 
0.037071727216243744 
0.028426161035895348 
0.04450993239879608 
0.029134972020983696 
0.041912294924259186 
0.04203634709119797 
0.03982304781675339 
0.041393764317035675 
0.07594626396894455 
0.030430741608142853 
0.04687868803739548 
0.056001342833042145 
0.042667679488658905 
0.02136000245809555 
0.02940063178539276 
0.03857564181089401 
0.04749650880694389 
0.03758436068892479 
0.020997067913413048 
0.07666204869747162 
0.04030681401491165 
0.03253026679158211 
0.050951071083545685 
0.012127512134611607 
0.03518298640847206 
0.027922313660383224 
0.028760802000761032 
0.019477834925055504 
0.025806697085499763 
0.033569060266017914 
0.039946503937244415 
0.03570641577243805 
0.02558913454413414 
0.03169890493154526 
0.022818073630332947 
0.03202284872531891 
0.03300338611006737 
0.019267525523900986 
0.021921474486589432 
0.01638668216764927 
0.02606957033276558 
0.03336449712514877 
0.02122289314866066 
0.03733684495091438 
0.06094106286764145 
0.08000916987657547 
0.02059093862771988 
0.021161681041121483 
0.026825541630387306 
0.017717601731419563 
0.024655994027853012 
0.02210538648068905 
0.0316740944981575 
0.029490359127521515 
0.03405333310365677 
0.013653581030666828 
0.028868092224001884 
0.05926043540239334 
0.015939880162477493 
0.026523960754275322 
0.03867581859230995 
0.026234140619635582 
0.04862421005964279 
0.024576768279075623 
0.03469593822956085 
0.030233196914196014 
0.026709547266364098 
0.01996608078479767 
0.02164372056722641 
0.021005947142839432 
0.03546909987926483 
0.0255019199103117 
0.026031261309981346 
0.023457268252968788 
0.022676222026348114 
0.034752584993839264 
0.03220866620540619 
0.0249203909188509 
0.017421454191207886 
0.02609151229262352 
0.022196903824806213 
0.02985527366399765 
0.04432074725627899 
0.04611605405807495 
0.05010845139622688 
0.03950968384742737 
0.024830367416143417 
0.05078112334012985 
0.039565544575452805 
0.02959343045949936 
0.03379137068986893 
0.02972409874200821 
0.03546566516160965 
0.030862515792250633 
0.0334775410592556 
0.03760596364736557 
0.029666338115930557 
0.021145891398191452 
0.016489267349243164 
0.02390301413834095 
0.024435024708509445 
0.053722549229860306 
0.021983807906508446 
0.028998859226703644 
0.03505547717213631 
0.02142503298819065 
0.02805996686220169 
0.020489513874053955 
0.025588572025299072 
0.02085092104971409 
0.024730980396270752 
0.0200563482940197 
0.018436072394251823 
0.029593849554657936 
0.026822177693247795 
0.01802864670753479 
0.026130380108952522 
0.03169272840023041 
0.04089486598968506 
0.02682802639901638 
0.03676507622003555 
0.027424722909927368 
0.02485828474164009 
0.020152132958173752 
0.03977246209979057 
0.03083602525293827 
0.02260330319404602 
0.020334357395768166 
0.01713412255048752 
0.04398183152079582 
0.03516132012009621 
0.0179629847407341 
0.02992088347673416 
0.03849373757839203 
0.02588445320725441 
0.033715106546878815 
0.027546696364879608 
0.026501160115003586 
0.04348121955990791 
0.02762278914451599 
0.028638744726777077 
0.03453439474105835 
0.031935445964336395 
0.017575373873114586 
0.020343396812677383 
0.061436478048563004 
0.028093447908759117 
0.02079891785979271 
0.01714269444346428 
0.017385369166731834 
0.041711773723363876 
0.02099732682108879 
0.03522241860628128 
0.018858369439840317 
0.0226470734924078 
0.030651509761810303 
0.023232996463775635 
0.02063366398215294 
0.03839812055230141 
0.045911092311143875 
0.04328952357172966 
0.03489827364683151 
0.05062039569020271 
0.018412260338664055 
0.0320659838616848 
0.027640875428915024 
0.029768237844109535 
0.020482059568166733 
0.03245721384882927 
0.02906479686498642 
0.05267078056931496 
0.05726469308137894 
0.0362582691013813 
0.025143969804048538 
0.031029922887682915 
0.03532548248767853 
0.03700827434659004 
0.04313276708126068 
0.04632937163114548 
0.035756733268499374 
0.04512651264667511 
0.0342755988240242 
0.03792516142129898 
0.031106827780604362 
0.018661057576537132 
0.038376856595277786 
0.016873445361852646 
0.01643291302025318 
0.024759549647569656 
0.03488053381443024 
0.025510739535093307 
0.032729703933000565 
0.032640714198350906 
0.023144980892539024 
0.037117116153240204 
0.03965919837355614 
0.025905029848217964 
0.01745588332414627 
0.025865642353892326 
0.017086392268538475 
0.03518608585000038 
0.04159276932477951 
0.018472395837306976 
0.03565579652786255 
0.025465168058872223 
0.05535302311182022 
0.031089019030332565 
0.026551615446805954 
0.023757174611091614 
0.04369420185685158 
0.029289832338690758 
0.02488807588815689 
0.030414190143346786 
0.031546059995889664 
0.029462672770023346 
0.0136346984654665 
0.013483017683029175 
0.013091410510241985 
0.014056475833058357 
0.03629651293158531 
0.031341105699539185 
0.030549168586730957 
0.04287109896540642 
0.02124563604593277 
0.037882428616285324 
0.021926652640104294 
0.03817790374159813 
0.02573406510055065 
0.02728443033993244 
0.033398378640413284 
0.012884391471743584 
0.03522966429591179 
0.047525860369205475 
0.02275262400507927 
0.02226872369647026 
0.021781735122203827 
0.024456411600112915 
0.024740200489759445 
0.029560938477516174 
0.04457411542534828 
0.03024616278707981 
0.029965953901410103 
0.03640016168355942 
0.017148874700069427 
0.03342411667108536 
0.02758760377764702 
0.019527960568666458 
0.03888353705406189 
0.0453350767493248 
0.020278334617614746 
0.019630497321486473 
0.020463310182094574 
0.023894820362329483 
0.03147362917661667 
0.027589842677116394 
0.03072533570230007 
0.018075894564390182 
0.012453308328986168 
0.04106488451361656 
0.04720892012119293 
0.024900807067751884 
0.027336683124303818 
0.03340737521648407 
0.02070021815598011 
0.0175747349858284 
0.024686124175786972 
0.043866485357284546 
0.03206107020378113 
0.018492791801691055 
0.028370551764965057 
0.017895765602588654 
0.0377286933362484 
0.019194407388567924 
0.029017440974712372 
0.015278681181371212 
0.02430024743080139 
0.028768088668584824 
0.016242215409874916 
0.020362526178359985 
0.017876308411359787 
0.026322362944483757 
0.018500255420804024 
0.033232107758522034 
0.02552267722785473 
0.02015625685453415 
0.017486846074461937 
0.019155580550432205 
0.021053381264209747 
0.0624626986682415 
0.050072379410266876 
0.03675911948084831 
0.037927690893411636 
0.034354135394096375 
0.030648600310087204 
0.027175141498446465 
0.03522229194641113 
0.026388555765151978 
0.016196170821785927 
0.011489265598356724 
0.03639514371752739 
0.02301289513707161 
0.021062837913632393 
0.033136870712041855 
0.028869543224573135 
0.03129131719470024 
0.01880665495991707 
0.0264146588742733 
0.024708334356546402 
0.013219834305346012 
0.03371046856045723 
0.016347331926226616 
0.035392213612794876 
0.018407044932246208 
0.03424742445349693 
0.022180918604135513 
0.026250487193465233 
0.01557860430330038 
0.018406927585601807 
0.029338566586375237 
0.026615820825099945 
0.028415793552994728 
0.02826564386487007 
0.02485087886452675 
0.025944160297513008 
0.010257353074848652 
0.04721597209572792 
0.020870722830295563 
0.02896401658654213 
0.019050782546401024 
0.017788195982575417 
0.04815450310707092 
0.019681185483932495 
0.020412394776940346 
0.017186958342790604 
0.021959371864795685 
0.019950665533542633 
0.030933605507016182 
0.0463331937789917 
0.01943949982523918 
0.03269793838262558 
0.02536729909479618 
0.0197291262447834 
0.028899580240249634 
0.01620393805205822 
0.052207767963409424 
0.045684054493904114 
0.035853151232004166 
0.03917524218559265 
0.07529471069574356 
0.04415560141205788 
0.029098719358444214 
0.05221300944685936 
0.04464862495660782 
0.040228258818387985 
0.029870327562093735 
0.03442036733031273 
0.03362932428717613 
0.03596001863479614 
0.05056791007518768 
0.02119746431708336 
0.03397069498896599 
0.03404044359922409 
0.025043215602636337 
0.030783720314502716 
0.023996513336896896 
0.02926981821656227 
0.03245126083493233 
0.04056675732135773 
0.02412733994424343 
0.023197537288069725 
0.019031092524528503 
0.029406651854515076 
0.01375032402575016 
0.024532506242394447 
0.03607261925935745 
0.0178968608379364 
0.04181020334362984 
0.023427290841937065 
0.023910995572805405 
0.03520970046520233 
0.016554541885852814 
0.01728041097521782 
0.012862897478044033 
0.021186742931604385 
0.014874890446662903 
0.020096125081181526 
0.022561345249414444 
0.04252762719988823 
0.021246688440442085 
0.02090824395418167 
0.028116460889577866 
0.0254873838275671 
0.02262246236205101 
0.05094941705465317 
0.026832565665245056 
0.028361285105347633 
0.0485771968960762 
0.042445458471775055 
0.035146549344062805 
0.0273184385150671 
0.020873669534921646 
0.021984301507472992 
0.044951312243938446 
0.0355878509581089 
0.042787104845047 
0.050216563045978546 
0.029553258791565895 
0.045186929404735565 
0.030166421085596085 
0.017767107114195824 
0.03729905188083649 
0.03847445547580719 
0.026422396302223206 
0.02830619178712368 
0.04065908119082451 
0.021452797576785088 
0.027284745126962662 
0.030642002820968628 
0.03123040497303009 
0.019701305776834488 
0.03538072854280472 
0.0191640742123127 
0.02844293788075447 
0.024507004767656326 
0.036539025604724884 
0.01850813813507557 
0.009894139133393764 
0.03448641672730446 
0.01804949715733528 
0.01386609673500061 
0.02005622163414955 
0.03047831356525421 
0.03968968987464905 
0.017826048657298088 
0.020915862172842026 
0.020577499642968178 
0.025483394041657448 
0.017997393384575844 
0.03802607208490372 
0.01626947522163391 
0.02236606739461422 
0.02957330271601677 
0.018327459692955017 
0.018079319968819618 
0.0184447281062603 
0.016027400270104408 
0.03455426171422005 
0.02292153611779213 
0.02450377494096756 
0.017695652320981026 
0.0342274010181427 
0.022800881415605545 
0.02259630709886551 
0.028098706156015396 
0.02254134602844715 
0.019223298877477646 
0.02181447669863701 
0.018605239689350128 
0.04205819219350815 
0.03977424278855324 
0.017855500802397728 
0.04264445602893829 
0.03710237890481949 
0.028644587844610214 
0.01732860878109932 
0.01806226186454296 
0.022243548184633255 
0.013180612586438656 
0.018274519592523575 
0.019418442621827126 
0.027331259101629257 
0.01544974185526371 
0.01979103311896324 
0.02315015159547329 
0.016913291066884995 
0.02222946472465992 
0.008561890572309494 
0.010887345299124718 
0.030399290844798088 
0.02003231644630432 
0.018105510622262955 
0.03622233122587204 
0.019450806081295013 
0.024929819628596306 
0.028161432594060898 
0.03953932970762253 
0.039501022547483444 
0.03642239421606064 
0.022531917318701744 
0.02964128740131855 
0.03351451829075813 
0.025805789977312088 
0.016021303832530975 
0.06120659038424492 
0.025271005928516388 
0.043988920748233795 
0.09152649343013763 
0.035912662744522095 
0.05648239329457283 
0.038402628153562546 
0.028489580377936363 
0.04978486895561218 
0.040415361523628235 
0.019524594768881798 
0.053686968982219696 
0.04318319633603096 
0.0269330907613039 
0.05577788129448891 
0.03447849303483963 
0.01957901567220688 
0.04188402742147446 
0.016562609001994133 
0.03343198448419571 
0.04818396642804146 
0.04338047653436661 
0.02586057223379612 
0.03099118545651436 
0.02710956148803234 
0.04144676774740219 
0.02447790652513504 
0.01980939321219921 
0.04466662183403969 
0.04268850013613701 
0.08313454687595367 
0.06342780590057373 
0.06378914415836334 
0.05339301750063896 
0.042368218302726746 
0.03985211253166199 
0.03808716684579849 
0.0485062375664711 
0.019902214407920837 
0.01044095866382122 
0.036297183483839035 
0.02898424305021763 
0.03045748919248581 
0.01614793762564659 
0.03153334558010101 
0.01648911088705063 
0.0204656682908535 
0.018819987773895264 
0.023792799562215805 
0.0362197570502758 
0.02455221489071846 
0.025513701140880585 
0.031239118427038193 
0.031441472470760345 
0.042497433722019196 
0.02653634548187256 
0.030386438593268394 
0.036336954683065414 
0.03071846440434456 
0.014944839291274548 
0.03569750487804413 
0.03240237757563591 
0.03458982706069946 
0.025329262018203735 
0.023339206352829933 
0.01805107854306698 
0.02008575201034546 
0.026163939386606216 
0.011133118532598019 
0.017039161175489426 
0.019195374101400375 
0.014559282921254635 
0.032814688980579376 
0.014609538950026035 
0.022248076274991035 
0.05294257402420044 
0.026433303952217102 
0.029314111918210983 
0.02219783514738083 
0.014340637251734734 
0.039491817355155945 
0.02938198484480381 
0.014621447771787643 
0.059260573238134384 
0.03014129027724266 
0.023460762575268745 
0.017205379903316498 
0.026828212663531303 
0.04164804518222809 
0.03582720831036568 
0.03107456862926483 
0.04851426184177399 
0.011250631883740425 
0.05415676161646843 
0.006919013801962137 
0.0475340373814106 
0.01164677832275629 
0.03902953490614891 
0.018801478669047356 
0.02866564318537712 
0.02038263902068138 
0.025912806391716003 
0.026300063356757164 
0.03557407855987549 
0.03279004991054535 
0.02528553642332554 
0.01993778720498085 
0.014883793890476227 
0.034835416823625565 
0.032983195036649704 
0.024776142090559006 
0.040356408804655075 
0.01441796775907278 
0.045109521597623825 
0.02069411799311638 
0.038357511162757874 
0.04325893148779869 
0.027514096349477768 
0.03056458942592144 
0.08274027705192566 
0.03743471950292587 
0.02732687070965767 
0.04078883305191994 
0.03068743459880352 
0.0358540415763855 
0.027835968881845474 
0.03392650932073593 
0.02196703664958477 
0.037372034043073654 
0.02320500835776329 
0.023617329075932503 
0.03519907593727112 
0.017989538609981537 
0.020016122609376907 
0.021257922053337097 
0.04561030864715576 
0.01382462028414011 
0.030587948858737946 
0.020739823579788208 
0.025265246629714966 
0.03385258466005325 
0.012081260792911053 
0.020091533660888672 
0.03048771061003208 
0.020364630967378616 
0.028600294142961502 
0.019469264894723892 
0.04137919843196869 
0.022441131994128227 
0.0250055193901062 
0.02520953118801117 
0.036905575543642044 
0.019819550216197968 
0.014762723818421364 
0.0307767353951931 
0.025446120649576187 
0.03643614053726196 
0.03940353915095329 
0.027439415454864502 
0.02997954562306404 
0.033452361822128296 
0.04882499948143959 
0.02515718899667263 
0.029870785772800446 
0.021309154108166695 
0.019902974367141724 
0.02545137330889702 
0.022806931287050247 
0.013142132200300694 
0.016825759783387184 
0.028769198805093765 
0.02595336176455021 
0.03671060502529144 
0.03490405157208443 
0.033072009682655334 
0.015702486038208008 
0.02956925705075264 
0.03002709522843361 
0.013370883651077747 
0.02668514847755432 
0.019274288788437843 
0.05009576305747032 
0.031972333788871765 
0.030791375786066055 
0.026829781010746956 
0.0249041598290205 
0.020738134160637856 
0.0171225406229496 
0.025090625509619713 
0.012737782672047615 
0.016105100512504578 
0.01810191199183464 
0.03383883088827133 
0.028273332864046097 
0.034862082451581955 
0.029969826340675354 
0.03345697373151779 
0.020100519061088562 
0.03404980152845383 
0.042872678488492966 
0.024953007698059082 
0.019499361515045166 
0.022463329136371613 
0.027649061754345894 
0.016556935384869576 
0.022657232359051704 
0.030551452189683914 
0.03813383728265762 
0.030092878267169 
0.01409037783741951 
0.023624593392014503 
0.02984517812728882 
0.031229032203555107 
0.03702390193939209 
0.033308953046798706 
0.044270388782024384 
0.03041958063840866 
0.03931784629821777 
0.0448700413107872 
0.036735109984874725 
0.026941515505313873 
0.06193153187632561 
0.021567467600107193 
0.038804180920124054 
0.016489826142787933 
0.04700180143117905 
0.01934514194726944 
0.012889580801129341 
0.04479784518480301 
0.02029312588274479 
0.013605020940303802 
0.019266651943325996 
0.02753497287631035 
0.018488433212041855 
0.012367543764412403 
0.026556329801678658 
0.011523466557264328 
0.023742198944091797 
0.01019761897623539 
0.008192794397473335 
0.013988198712468147 
0.01956751197576523 
0.025216519832611084 
0.015860605984926224 
0.03306083753705025 
0.020700257271528244 
0.02180585451424122 
0.020797016099095345 
0.02201460860669613 
0.04624021425843239 
0.013192045502364635 
0.021937604993581772 
0.033184655010700226 
0.012995953671634197 
0.012615957297384739 
0.03751654177904129 
0.018660729750990868 
0.03193555399775505 
0.021266086027026176 
0.028193827718496323 
0.038105666637420654 
0.032656844705343246 
0.01489586103707552 
0.03928811103105545 
0.03219396993517876 
0.023730874061584473 
0.04123476520180702 
0.03268805146217346 
0.03406311944127083 
0.016301525756716728 
0.011473038233816624 
0.04269127920269966 
0.02757984772324562 
0.023434311151504517 
0.036457035690546036 
0.03464297205209732 
0.03597896173596382 
0.025439320132136345 
0.032852306962013245 
0.03766593337059021 
0.03434108942747116 
0.010044687427580357 
0.036759715527296066 
0.018504910171031952 
0.038467518985271454 
0.034944914281368256 
0.045820191502571106 
0.043069787323474884 
0.02783994935452938 
0.038589514791965485 
0.043610602617263794 
0.03991842642426491 
0.030257724225521088 
0.031837061047554016 
0.016435783356428146 
0.02475164085626602 
0.04069000482559204 
0.021969333291053772 
0.01683533750474453 
0.02836177870631218 
0.04957830160856247 
0.02090192586183548 
0.029160505160689354 
0.02392275258898735 
0.02007126808166504 
0.019525662064552307 
0.015162637457251549 
0.016600612550973892 
0.02574305236339569 
0.016440249979496002 
0.021620094776153564 
0.01917169988155365 
0.03326716274023056 
0.03813081979751587 
0.024359889328479767 
0.03701097145676613 
0.029552778229117393 
0.02080121822655201 
0.03234006464481354 
0.025460850447416306 
0.010318632237613201 
0.014870714396238327 
0.021477025002241135 
0.018696364015340805 
0.030619731172919273 
0.020553644746541977 
0.017323505133390427 
0.023535167798399925 
0.029307514429092407 
0.028164681047201157 
0.01905810832977295 
0.02579250931739807 
0.014268027618527412 
0.03116137720644474 
0.028766699135303497 
0.024684982374310493 
0.020997026935219765 
0.028886327520012856 
0.0357392393052578 
0.03127110376954079 
0.02292012795805931 
0.01577509380877018 
0.03741841018199921 
0.01524992473423481 
0.024368565529584885 
0.030670780688524246 
0.027277471497654915 
0.020413033664226532 
0.024443747475743294 
0.033571451902389526 
0.027799298986792564 
0.015873931348323822 
0.03968897461891174 
0.01301401574164629 
0.030731726437807083 
0.018280748277902603 
0.034479402005672455 
0.019213847815990448 
0.020803948864340782 
0.012339891865849495 
0.018184946849942207 
0.026279311627149582 
0.036126941442489624 
0.02090800553560257 
0.05545741319656372 
0.020304005593061447 
0.05688217282295227 
0.02555888146162033 
0.03940202295780182 
0.04791645705699921 
0.04568084329366684 
0.030673203989863396 
0.036328501999378204 
0.022091450169682503 
0.041655972599983215 
0.03122050315141678 
0.01821194589138031 
0.01544984057545662 
0.032273147255182266 
0.013466708362102509 
0.021158801391720772 
0.02651592716574669 
0.023453490808606148 
0.012480857782065868 
0.019731735810637474 
0.029267050325870514 
0.017629267647862434 
0.018092909827828407 
0.03173347935080528 
0.017969902604818344 
0.043575190007686615 
0.028027599677443504 
0.0258135125041008 
0.018776416778564453 
0.023083792999386787 
0.022954875603318214 
0.036843232810497284 
0.03172847256064415 
0.01884506270289421 
0.04016353562474251 
0.027104955166578293 
0.029476463794708252 
0.01792609505355358 
0.017819445580244064 
0.022182339802384377 
0.024025116115808487 
0.031272515654563904 
0.02613101713359356 
0.04329198598861694 
0.020009221509099007 
0.024259956553578377 
0.030825618654489517 
0.024866491556167603 
0.04403688386082649 
0.05122540891170502 
0.015802964568138123 
0.014067398384213448 
0.01731754280626774 
0.040546827018260956 
0.03988247364759445 
0.01624506711959839 
0.024073634296655655 
0.024848632514476776 
0.012287301942706108 
0.023146986961364746 
0.01857890374958515 
0.012699805200099945 
0.02289585769176483 
0.023234762251377106 
0.025084204971790314 
0.043620992451906204 
0.016305942088365555 
0.025698088109493256 
0.017859071493148804 
0.029128236696124077 
0.04349590837955475 
0.02645402029156685 
0.02378372848033905 
0.044462017714977264 
0.02978472225368023 
0.01653888449072838 
0.03252875804901123 
0.02519327960908413 
0.02200210466980934 
0.020771069452166557 
0.0154614532366395 
0.01659352518618107 
0.022064950317144394 
0.041711825877428055 
0.01233163196593523 
0.027092043310403824 
0.03378398343920708 
0.018785614520311356 
0.01827598176896572 
0.018556836992502213 
0.011953949928283691 
0.032213468104600906 
0.008756790310144424 
0.022141683846712112 
0.01676688715815544 
0.013703363947570324 
0.017712295055389404 
0.020852331072092056 
0.017756307497620583 
0.021226048469543457 
0.007583691272884607 
0.005971518345177174 
0.012832965701818466 
0.009910035878419876 
0.014534171670675278 
0.017423518002033234 
0.022542303428053856 
0.060237955302000046 
0.03699840232729912 
0.02722756564617157 
0.024095628410577774 
0.03338724374771118 
0.0437113381922245 
0.05781382694840431 
0.06314069032669067 
0.046849340200424194 
0.039153292775154114 
0.03476817533373833 
0.05331189185380936 
0.027121160179376602 
0.03484276309609413 
0.03288982808589935 
0.06184753403067589 
0.036716096103191376 
0.05248795077204704 
0.033564530313014984 
0.04007301479578018 
0.028397787362337112 
0.02468293346464634 
0.060536086559295654 
0.03583335876464844 
0.02626938745379448 
0.02149616926908493 
0.0358915776014328 
0.04483967646956444 
0.025984495878219604 
0.02640262432396412 
0.041055962443351746 
0.01366471778601408 
0.01970961131155491 
0.025349587202072144 
0.005539534613490105 
0.020317215472459793 
0.032365813851356506 
0.0055199842900037766 
0.025541096925735474 
0.03660088777542114 
0.02670968882739544 
0.011881249956786633 
0.01996101811528206 
0.017971161752939224 
0.02591577172279358 
0.019226163625717163 
0.01274355873465538 
0.014445619657635689 
0.021337462589144707 
0.011138915084302425 
0.02297685295343399 
0.01791767030954361 
0.015626229345798492 
0.03668559715151787 
0.018286805599927902 
0.028660941869020462 
0.033948302268981934 
0.024105068296194077 
0.03620963543653488 
0.011600994504988194 
0.05907348543405533 
0.021540828049182892 
0.027313441038131714 
0.024260908365249634 
0.026417110115289688 
0.01751423068344593 
0.03234507143497467 
0.028505777940154076 
0.02642173320055008 
0.011185911484062672 
0.02035711705684662 
0.019054507836699486 
0.02143312618136406 
0.0269528329372406 
0.01869567297399044 
0.025199484080076218 
0.025935202836990356 
0.01829381100833416 
0.036191415041685104 
0.023241961374878883 
0.04771846905350685 
0.009495182894170284 
0.03985217958688736 
0.029045388102531433 
0.03702763468027115 
0.03231251984834671 
0.021642833948135376 
0.026924679055809975 
0.0235777348279953 
0.018489329144358635 
0.02273857593536377 
0.030858919024467468 
0.026181770488619804 
0.028583873063325882 
0.018374275416135788 
0.02886073663830757 
0.027185160666704178 
0.02685224823653698 
0.02525981515645981 
0.04677455127239227 
0.02963387593626976 
0.026748284697532654 
0.03719533607363701 
0.02255769446492195 
0.024248652160167694 
0.025858895853161812 
0.047070302069187164 
0.040238991379737854 
0.03974374756217003 
0.03314370661973953 
0.04194867983460426 
0.033929504454135895 
0.03218873217701912 
0.03843946009874344 
0.03540022298693657 
0.030953098088502884 
0.017302358523011208 
0.023269835859537125 
0.03808607533574104 
0.028781799599528313 
0.011150671169161797 
0.0177488811314106 
0.0235946886241436 
0.014848027378320694 
0.025739584118127823 
0.015840359032154083 
0.015268045477569103 
0.013601414859294891 
0.024630708619952202 
0.01559041440486908 
0.03129928559064865 
0.012719837948679924 
0.03841032832860947 
0.011210539378225803 
0.021259766072034836 
0.02489030547440052 
0.03149184584617615 
0.02787412330508232 
0.03651030734181404 
0.029146067798137665 
0.02810725010931492 
0.021170752122998238 
0.04020378738641739 
0.034661874175071716 
0.0367991179227829 
0.026326816529035568 
0.035289011895656586 
0.037539176642894745 
0.020742952823638916 
0.021550368517637253 
0.024386782199144363 
0.03696311637759209 
0.025423407554626465 
0.023841530084609985 
0.022149180993437767 
0.029274659231305122 
0.04148958623409271 
0.02172538824379444 
0.041647959500551224 
0.0173836350440979 
0.024542290717363358 
0.051737867295742035 
0.02025730162858963 
0.015836957842111588 
0.021608276292681694 
0.02256116084754467 
0.014051474630832672 
0.030562592670321465 
0.024868935346603394 
0.012257629074156284 
0.012328315526247025 
0.018671786412596703 
0.016335200518369675 
0.011769531294703484 
0.018505847081542015 
0.02749396115541458 
0.020349115133285522 
0.011019887402653694 
0.012957408092916012 
0.033399153500795364 
0.03246314451098442 
0.026582159101963043 
0.011484089307487011 
0.019617704674601555 
0.026464099064469337 
0.025728894397616386 
0.03166306018829346 
0.023033829405903816 
0.020216867327690125 
0.02515513449907303 
0.019874799996614456 
0.03637007251381874 
0.021284151822328568 
0.02411505952477455 
0.028259363025426865 
0.026034850627183914 
0.04272588714957237 
0.03188573569059372 
0.018400223925709724 
0.025681596249341965 
0.04665271192789078 
0.029022734612226486 
0.031700264662504196 
0.03386847674846649 
0.05544062331318855 
0.02770874835550785 
0.03542662784457207 
0.024677738547325134 
0.028000783175230026 
0.04613117501139641 
0.02020316757261753 
0.013751477934420109 
0.014841721393167973 
0.0153132863342762 
0.024617038667201996 
0.012985126115381718 
0.027479778975248337 
0.015842009335756302 
0.019402753561735153 
0.01635519042611122 
0.023068569600582123 
0.013423148542642593 
0.027025029063224792 
0.02838575839996338 
0.01750299707055092 
0.014737682417035103 
0.022157760336995125 
0.017601236701011658 
0.03738944232463837 
0.027009518817067146 
0.032862886786460876 
0.04412273317575455 
0.017426971346139908 
0.03925806283950806 
0.029989011585712433 
0.02959475852549076 
0.02442893385887146 
0.021234914660453796 
0.02431184984743595 
0.023531697690486908 
0.033322401344776154 
0.02764216437935829 
0.049941107630729675 
0.03404799476265907 
0.03392054885625839 
0.02853584662079811 
0.05191813036799431 
0.023901086300611496 
0.03486763313412666 
0.0322529673576355 
0.01903381571173668 
0.014094866812229156 
0.03365354239940643 
0.04264006391167641 
0.02128748595714569 
0.03557612746953964 
0.04344364255666733 
0.043093107640743256 
0.03562815487384796 
0.02092701569199562 
0.03331372141838074 
0.017795749008655548 
0.04445866495370865 
0.024569882079958916 
0.016812697052955627 
0.030430402606725693 
0.031846776604652405 
0.01928585395216942 
0.03139445558190346 
0.03403580188751221 
0.014933569356799126 
0.03676431253552437 
0.032514847815036774 
0.032024532556533813 
0.029837360605597496 
0.032004859298467636 
0.03311515599489212 
0.020031839609146118 
0.0315210223197937 
0.03526375815272331 
0.01598871313035488 
0.0242683757096529 
0.027353469282388687 
0.01741497591137886 
0.03243663161993027 
0.02731785736978054 
0.027272265404462814 
0.016703661531209946 
0.0227370485663414 
0.01735278218984604 
0.01387716457247734 
0.03017253428697586 
0.01402413472533226 
0.025162380188703537 
0.024873705580830574 
0.01901220716536045 
0.031688347458839417 
0.020310502499341965 
0.021769236773252487 
0.015395061112940311 
0.02083742804825306 
0.012052858248353004 
0.012694119475781918 
0.022900138050317764 
0.019876467064023018 
0.018701571971178055 
0.022884227335453033 
0.02033504843711853 
0.022145552560687065 
0.023920433595776558 
0.0215081088244915 
0.016062414273619652 
0.032608725130558014 
0.01261649839580059 
0.0665937289595604 
0.029620496556162834 
0.03852178156375885 
0.02699212357401848 
0.04083491861820221 
0.018515845760703087 
0.04893564060330391 
0.022687412798404694 
0.03702917695045471 
0.01572030410170555 
0.019138315692543983 
0.018758537247776985 
0.04501756280660629 
0.030019307509064674 
0.04190794751048088 
0.028605086728930473 
0.019723519682884216 
0.01682329922914505 
0.02015167661011219 
0.019170861691236496 
0.013180641457438469 
0.03821660578250885 
0.02013583295047283 
0.028384145349264145 
0.024267345666885376 
0.020582156255841255 
0.011400863528251648 
0.024720758199691772 
0.018902815878391266 
0.0293723251670599 
0.018911482766270638 
0.033606044948101044 
0.03621286898851395 
0.009337428025901318 
0.02153010666370392 
0.007274355739355087 
0.018554817885160446 
0.0314234159886837 
0.0201657023280859 
0.01945500820875168 
0.015144754201173782 
0.014169100672006607 
0.01088002696633339 
0.017369359731674194 
0.02129502221941948 
0.005963069852441549 
0.020271338522434235 
0.046444617211818695 
0.012493995018303394 
0.01236019842326641 
0.03691956028342247 
0.03604698181152344 
0.02977568656206131 
0.04820091277360916 
0.02791590616106987 
0.02462783269584179 
0.021147413179278374 
0.02921202965080738 
0.012029551900923252 
0.01273463573306799 
0.03988809138536453 
0.019369594752788544 
0.042207375168800354 
0.02887546643614769 
0.02835819125175476 
0.02539234608411789 
0.044485483318567276 
0.03484299033880234 
0.060261595994234085 
0.028665978461503983 
0.03781531751155853 
0.05465312674641609 
0.05627494677901268 
0.03270808234810829 
0.06438995897769928 
0.030088819563388824 
0.03260776400566101 
0.021436454728245735 
0.03414354473352432 
0.016446374356746674 
0.026492837816476822 
0.01765432208776474 
0.01362813264131546 
0.028305096551775932 
0.012292195111513138 
